{
 "cells": [
  {
   "cell_type": "code",
   "execution_count": 1,
   "id": "2e7dcafd-ecbe-423d-9be7-f7f9d6d2be69",
   "metadata": {},
   "outputs": [],
   "source": [
    "import pandas as pd\n",
    "import numpy as np\n",
    "import pickle\n",
    "from scipy.io import loadmat\n",
    "from numpy.linalg import norm"
   ]
  },
  {
   "cell_type": "code",
   "execution_count": 2,
   "metadata": {
    "collapsed": false
   },
   "outputs": [
    {
     "data": {
      "text/plain": [
       "[array([-1.725,  0.84 ,  0.301, -0.444]),\n",
       " array([-1.298,  1.292,  0.925,  0.165]),\n",
       " array([-1.249, -0.599, -1.242, -0.532]),\n",
       " array([-1.079, -0.828, -1.271,  0.682]),\n",
       " array([-0.723,  0.215,  1.953,  0.039]),\n",
       " array([-0.342,  0.087,  1.801, -0.789]),\n",
       " array([-0.248, -1.602,  0.534, -0.86 ]),\n",
       " array([-0.075,  1.511, -1.029, -0.483]),\n",
       " array([ 0.268, -0.468, -0.106,  2.199]),\n",
       " array([ 0.384,  1.504, -0.951,  0.552]),\n",
       " array([ 0.402, -1.269, -0.481, -1.391]),\n",
       " array([ 0.484, -0.39 , -1.059,  1.69 ]),\n",
       " array([ 0.901,  0.706,  1.06 , -1.079]),\n",
       " array([ 1.128,  0.942,  0.022, -1.137]),\n",
       " array([ 1.284, -1.257, -0.231,  0.891]),\n",
       " array([ 1.886, -0.683, -0.227,  0.498])]"
      ]
     },
     "execution_count": 2,
     "metadata": {},
     "output_type": "execute_result"
    }
   ],
   "source": [
    "# 16-faces to produce similarity matrix\n",
    "mat = loadmat('simu8_data/simu8_Experiment1.mat')\n",
    "mdata = mat['events']\n",
    "face_corrd = mdata['facecoordinates']\n",
    "face_corrd_list = []\n",
    "for x in face_corrd:\n",
    "    if len(x[0].tolist()) != 0:\n",
    "        face_corrd_list.append(x[0].tolist()[0])\n",
    "face_corrd_16 = np.unique(face_corrd_list,axis=0)\n",
    "face_corrd_16 = [np.array(x) for x in face_corrd_16]\n",
    "face_corrd_16"
   ]
  },
  {
   "cell_type": "code",
   "execution_count": 3,
   "metadata": {
    "collapsed": false
   },
   "outputs": [
    {
     "data": {
      "text/plain": [
       "array([[1.        , 0.93034729, 0.69633137, 0.5608128 , 0.73951112,\n",
       "        0.69541804, 0.45071529, 0.67285978, 0.29364281, 0.5091855 ,\n",
       "        0.33728731, 0.23189041, 0.47842681, 0.41314568, 0.03557643,\n",
       "        0.00310219],\n",
       "       [0.93034729, 1.        , 0.45112587, 0.41026476, 0.85140094,\n",
       "        0.75438823, 0.32259223, 0.63068208, 0.42629748, 0.58378634,\n",
       "        0.15288862, 0.28687736, 0.56980733, 0.44583756, 0.09605195,\n",
       "        0.09597315],\n",
       "       [0.69633137, 0.45112587, 1.        , 0.89874757, 0.29366121,\n",
       "        0.31347485, 0.64380371, 0.59880055, 0.37544439, 0.4330289 ,\n",
       "        0.70773639, 0.50560224, 0.1879537 , 0.30594147, 0.36716467,\n",
       "        0.26021031],\n",
       "       [0.5608128 , 0.41026476, 0.89874757, 1.        , 0.27674996,\n",
       "        0.18056485, 0.5433908 , 0.47444666, 0.6928017 , 0.49012758,\n",
       "        0.53554168, 0.77758737, 0.01604547, 0.11990958, 0.5695343 ,\n",
       "        0.39794875],\n",
       "       [0.73951112, 0.85140094, 0.29366121, 0.27674996, 1.        ,\n",
       "        0.94854456, 0.60547751, 0.29187321, 0.45621398, 0.27530346,\n",
       "        0.31264102, 0.22154402, 0.69240721, 0.42105087, 0.30899092,\n",
       "        0.27785408],\n",
       "       [0.69541804, 0.75438823, 0.31347485, 0.18056485, 0.94854456,\n",
       "        1.        , 0.70766746, 0.32606356, 0.27271513, 0.21727337,\n",
       "        0.49789763, 0.08782357, 0.83168136, 0.58524715, 0.2932698 ,\n",
       "        0.31868579],\n",
       "       [0.45071529, 0.32259223, 0.64380371, 0.5433908 , 0.60547751,\n",
       "        0.70766746, 1.        , 0.14937598, 0.35405453, 0.02040755,\n",
       "        0.8787026 , 0.31037434, 0.51924271, 0.38747348, 0.60440156,\n",
       "        0.50968108],\n",
       "       [0.67285978, 0.63068208, 0.59880055, 0.47444666, 0.29187321,\n",
       "        0.32606356, 0.14937598, 1.        , 0.3041263 , 0.91055168,\n",
       "        0.39603916, 0.45545873, 0.55984287, 0.76523116, 0.21360582,\n",
       "        0.34999139],\n",
       "       [0.29364281, 0.42629748, 0.37544439, 0.6928017 , 0.45621398,\n",
       "        0.27271513, 0.35405453, 0.3041263 , 1.        , 0.5827617 ,\n",
       "        0.24365018, 0.93725106, 0.20066116, 0.186469  , 0.81863008,\n",
       "        0.70627481],\n",
       "       [0.5091855 , 0.58378634, 0.4330289 , 0.49012758, 0.27530346,\n",
       "        0.21727337, 0.02040755, 0.91055168, 0.5827617 , 1.        ,\n",
       "        0.22654262, 0.69367827, 0.47285989, 0.66993427, 0.41069311,\n",
       "        0.5237368 ],\n",
       "       [0.33728731, 0.15288862, 0.70773639, 0.53554168, 0.31264102,\n",
       "        0.49789763, 0.8787026 , 0.39603916, 0.24365018, 0.22654262,\n",
       "        1.        , 0.36106594, 0.56074392, 0.61240857, 0.62267998,\n",
       "        0.62619189],\n",
       "       [0.23189041, 0.28687736, 0.50560224, 0.77758737, 0.22154402,\n",
       "        0.08782357, 0.31037434, 0.45545873, 0.93725106, 0.69367827,\n",
       "        0.36106594, 1.        , 0.14854608, 0.27249756, 0.83931422,\n",
       "        0.76030204],\n",
       "       [0.47842681, 0.56980733, 0.1879537 , 0.01604547, 0.69240721,\n",
       "        0.83168136, 0.51924271, 0.55984287, 0.20066116, 0.47285989,\n",
       "        0.56074392, 0.14854608, 1.        , 0.91584326, 0.37768757,\n",
       "        0.55567117],\n",
       "       [0.41314568, 0.44583756, 0.30594147, 0.11990958, 0.42105087,\n",
       "        0.58524715, 0.38747348, 0.76523116, 0.186469  , 0.66993427,\n",
       "        0.61240857, 0.27249756, 0.91584326, 1.        , 0.39952316,\n",
       "        0.61812851],\n",
       "       [0.03557643, 0.09605195, 0.36716467, 0.5695343 , 0.30899092,\n",
       "        0.2932698 , 0.60440156, 0.21360582, 0.81863008, 0.41069311,\n",
       "        0.62267998, 0.83931422, 0.37768757, 0.39952316, 1.        ,\n",
       "        0.94981078],\n",
       "       [0.00310219, 0.09597315, 0.26021031, 0.39794875, 0.27785408,\n",
       "        0.31868579, 0.50968108, 0.34999139, 0.70627481, 0.5237368 ,\n",
       "        0.62619189, 0.76030204, 0.55567117, 0.61812851, 0.94981078,\n",
       "        1.        ]])"
      ]
     },
     "execution_count": 3,
     "metadata": {},
     "output_type": "execute_result"
    }
   ],
   "source": [
    "face_sim = np.zeros((16,16))\n",
    "for i in range(16):\n",
    "    for j in range(16):\n",
    "        A = face_corrd_16[i]\n",
    "        B = face_corrd_16[j]\n",
    "        cosine = np.dot(A,B)/(norm(A)*norm(B))\n",
    "        face_sim[i,j] = (cosine + 1) / 2\n",
    "face_sim"
   ]
  },
  {
   "cell_type": "code",
   "execution_count": 4,
   "metadata": {
    "collapsed": false
   },
   "outputs": [
    {
     "data": {
      "text/plain": [
       "array([[1.        , 0.93034729, 0.69633137, ..., 0.        , 0.        ,\n",
       "        0.        ],\n",
       "       [0.93034729, 1.        , 0.45112587, ..., 0.        , 0.        ,\n",
       "        0.        ],\n",
       "       [0.69633137, 0.45112587, 1.        , ..., 0.        , 0.        ,\n",
       "        0.        ],\n",
       "       ...,\n",
       "       [0.        , 0.        , 0.        , ..., 1.        , 0.        ,\n",
       "        0.        ],\n",
       "       [0.        , 0.        , 0.        , ..., 0.        , 1.        ,\n",
       "        0.        ],\n",
       "       [0.        , 0.        , 0.        , ..., 0.        , 0.        ,\n",
       "        1.        ]])"
      ]
     },
     "execution_count": 4,
     "metadata": {},
     "output_type": "execute_result"
    }
   ],
   "source": [
    "s_mat = np.zeros((32,32))\n",
    "np.fill_diagonal(s_mat,1)\n",
    "s_mat[0:16,0:16] = face_sim\n",
    "s_mat"
   ]
  },
  {
   "cell_type": "code",
   "execution_count": 5,
   "metadata": {
    "collapsed": false
   },
   "outputs": [],
   "source": [
    "np.save(\"simu8_data/simu8_smat.npy\",s_mat)"
   ]
  },
  {
   "attachments": {},
   "cell_type": "markdown",
   "metadata": {
    "collapsed": false
   },
   "source": [
    "### Distance"
   ]
  },
  {
   "cell_type": "code",
   "execution_count": 6,
   "metadata": {
    "collapsed": false
   },
   "outputs": [
    {
     "data": {
      "text/plain": [
       "array([[0.    , 1.0709, 2.1647, 2.6341, 2.0873, 2.202 , 2.8935, 2.2233,\n",
       "        3.5825, 2.7292, 3.2373, 3.5772, 2.8095, 2.9509, 3.9391, 4.0651],\n",
       "       [1.0709, 0.    , 2.9597, 3.1036, 1.601 , 2.0108, 3.2682, 2.4045,\n",
       "        3.2787, 2.558 , 3.7211, 3.5024, 2.5971, 2.9187, 3.8765, 3.934 ],\n",
       "       [2.1647, 2.9597, 0.    , 1.2474, 3.3872, 3.2587, 2.2956, 2.4245,\n",
       "        3.3268, 2.8895, 2.1194, 2.8316, 3.4531, 3.1605, 3.1458, 3.4535],\n",
       "       [2.6341, 3.1036, 1.2474, 0.    , 3.4673, 3.603 , 2.6316, 2.8098,\n",
       "        2.367 , 2.7745, 2.7036, 1.9225, 3.8481, 3.6034, 2.6255, 3.1521],\n",
       "       [2.0873, 1.601 , 3.3872, 3.4673, 0.    , 0.9329, 2.5197, 3.3562,\n",
       "        3.2177, 3.4034, 3.3819, 3.6906, 2.2194, 3.0111, 3.4192, 3.5463],\n",
       "       [2.202 , 2.0108, 3.2587, 3.603 , 0.9329, 0.    , 2.1147, 3.194 ,\n",
       "        3.6394, 3.4506, 2.8217, 3.9032, 1.6004, 2.4855, 3.3766, 3.3654],\n",
       "       [2.8935, 3.2682, 2.2956, 2.6316, 2.5197, 2.1147, 0.    , 3.508 ,\n",
       "        3.3644, 3.7743, 1.3585, 3.3234, 2.6404, 2.9503, 2.4733, 2.7967],\n",
       "       [2.2233, 2.4045, 2.4245, 2.8098, 3.3562, 3.194 , 3.508 , 0.    ,\n",
       "        3.4755, 1.1349, 3.0134, 2.9409, 2.5139, 1.8175, 3.4689, 3.2039],\n",
       "       [3.5825, 3.2787, 3.3268, 2.367 , 3.2177, 3.6394, 3.3644, 3.4755,\n",
       "        0.    , 2.7072, 3.6998, 1.1045, 3.7261, 3.7246, 1.8388, 2.3605],\n",
       "       [2.7292, 2.558 , 2.8895, 2.7745, 3.4034, 3.4506, 3.7743, 1.1349,\n",
       "        2.7072, 0.    , 3.4185, 2.2145, 2.7583, 2.1607, 3.0111, 2.7506],\n",
       "       [3.2373, 3.7211, 2.1194, 2.7036, 3.3819, 2.8217, 1.3585, 3.0134,\n",
       "        3.6998, 3.4185, 0.    , 3.2567, 2.5733, 2.3944, 2.4593, 2.4857],\n",
       "       [3.5772, 3.5024, 2.8316, 1.9225, 3.6906, 3.9032, 3.3234, 2.9409,\n",
       "        1.1045, 2.2145, 3.2567, 0.    , 3.6787, 3.3689, 1.6479, 2.0407],\n",
       "       [2.8095, 2.5971, 3.4531, 3.8481, 2.2194, 1.6004, 2.6404, 2.5139,\n",
       "        3.7261, 2.7583, 2.5733, 3.6787, 0.    , 1.09  , 3.0899, 2.6538],\n",
       "       [2.9509, 2.9187, 3.1605, 3.6034, 3.0111, 2.4855, 2.9503, 1.8175,\n",
       "        3.7246, 2.1607, 2.3944, 3.3689, 1.09  , 0.    , 3.0061, 2.4393],\n",
       "       [3.9391, 3.8765, 3.1458, 2.6255, 3.4192, 3.3766, 2.4733, 3.4689,\n",
       "        1.8388, 3.0111, 2.4593, 1.6479, 3.0899, 3.0061, 0.    , 0.92  ],\n",
       "       [4.0651, 3.934 , 3.4535, 3.1521, 3.5463, 3.3654, 2.7967, 3.2039,\n",
       "        2.3605, 2.7506, 2.4857, 2.0407, 2.6538, 2.4393, 0.92  , 0.    ]])"
      ]
     },
     "execution_count": 6,
     "metadata": {},
     "output_type": "execute_result"
    }
   ],
   "source": [
    "face_distance = np.zeros((16,16))\n",
    "for i in range(16):\n",
    "    for j in range(16):\n",
    "        A = face_corrd_16[i]\n",
    "        B = face_corrd_16[j]\n",
    "        distance = norm(A-B)\n",
    "        face_distance[i,j] = distance.round(4)\n",
    "face_distance"
   ]
  },
  {
   "cell_type": "code",
   "execution_count": 7,
   "metadata": {
    "collapsed": false
   },
   "outputs": [],
   "source": [
    "np.save(\"siu8_data/simu8_distance.npy\",face_distance)"
   ]
  },
  {
   "cell_type": "code",
   "execution_count": null,
   "metadata": {
    "collapsed": false
   },
   "outputs": [],
   "source": []
  }
 ],
 "metadata": {
  "kernelspec": {
   "display_name": "CMR_IA",
   "language": "python",
   "name": "python3"
  },
  "language_info": {
   "codemirror_mode": {
    "name": "ipython",
    "version": 3
   },
   "file_extension": ".py",
   "mimetype": "text/x-python",
   "name": "python",
   "nbconvert_exporter": "python",
   "pygments_lexer": "ipython3",
   "version": "3.9.0"
  }
 },
 "nbformat": 4,
 "nbformat_minor": 5
}
